30
53
51
41
16
50
75
16
14
13
39
99
11
68
4
78
9
10
92
47
60
39
46
21
9
72
32
16
42
62
47
90
66
70
49
83
44
70
14
85
71
2
8
82
73
54
46
7
56
24
45
55
56
32
21
41
15
93
25
30
64
96
49
90
64
86
4
79
10
20
24
20
25
39
26
49
69
21
33
64
38
17
78
31
30
97
31
48
48
18
87
43
76
58
19
71
78
92
78
95
44
26
68
99
27
51
54
17
70
4
37
15
76
39
71
70
71
61
84
91
69
54
64
7
28
41
24
63
11
50
86
89
6
92
74
67
48
88
41
8
86
1
86
79
85
5
62
2
18
38
100
89
27
2
96
68
91
73
53
85
74
87
28
92
52
3
40
77
66
50
19
25
22
26
90
46
60
29
90
70
76
31
3
10
63
43
67
32
35
58
83
52
3
14
10
12
84
61
38
41
45
13
80
31
61
56
17
81
40
80
78
98
47
64
88
35
33
42
25
66
48
76
16
28
12
72
83
5
76
32
73
91
2
83
17
33
77
73
22
60
1
94
19
45
46
55
1
45
82
11
43
30
10
36
19
59
49
82
56
25
32
33
88
14
97
70
34
61
46
43
14
26
31
99
51
30
45
1
72
15
5
53
57
54
33
77
44
8
64
58
77
59
44
21
1
15
68
23
17
68
27
68
30
77
36
34
13
62
65
94
44
37
48
2
2
98
62
40
48
12
84
85
44
99
51
71
2
22
28
90
76
26
10
4
49
88
28
81
1
60
11
76
50
11
89
19
11
75
33
47
57
10
35
1
73
97
38
60
9
56
42
2
97
85
4
43
39
54
8
84
82
8
91
3
81
40
59
23
41
29
79
52
14
47
61
44
89
57
55
100
62
16
53
24
15
44
66
24
10
39
6
51
92
24
11
24
60
23
15
3
93
43
90
9
76
81
90
6
18
9
22
39
24
74
10
58
100
1
28
96
47
36
99
37
14
47
5
97
17
31
47
70
68
96
56
75
33
76
74
9
46
44
51
71
17
73
51
30
67
20
71
97
79
59
65
5
100
18
89
65
44
14
47
95
66
42
77
92
19
93
59
92
33
54
42
34
83
39
89
70
92
20
15
20
76
1
85
22
84
54
69
72
9
42
52
18
50
3
71
69
55
85
61
80
6
63
70
89
51
90
16
34
70
21
28
49
57
73
25
20
51
43
36
22
87
77
5
44
10
100
9
73
1
66
85
43
22
79
19
2
17
41
45
74
25
2
48
17
15
61
76
45
34
67
14
37
31
94
88
98
16
94
78
27
61
37
77
69
32
60
85
40
40
70
9
12
11
24
49
80
40
48
83
86
39
89
4
49
48
100
45
62
67
99
25
25
40
81
85
17
77
30
93
61
77
4
37
7
81
21
23
53
75
36
99
90
58
21
87
29
6
28
35
81
60
8
97
37
85
99
42
59
18
92
63
70
5
57
13
40
46
38
17
63
71
86
95
32
64
97
32
17
3
43
100
46
51
95
76
79
82
92
6
17
6
62
74
54
87
7
17
86
70
51
31
71
88
57
95
88
87
54
90
69
1
23
43
11
3
50
39
1
86
1
94
8
78
81
11
63
98
25
68
33
40
74
54
77
10
55
62
46
48
30
26
90
43
97
96
57
67
38
75
92
41
21
49
83
23
20
76
63
6
70
57
77
22
68
63
73
75
95
35
45
57
89
42
72
85
14
39
30
59
86
99
99
70
17
91
50
35
47
39
23
99
14
83
40
49
29
73
20
68
11
82
51
23
50
83
32
47
68
90
85
74
88
80
93
96
100
70
53
47
43
93
34
79
70
53
34
73
25
74
35
79
77
71
76
88
18
51
55
99
36
58
60
63
14
50
4
42
61
40
77
10
19
95
46
74
73
18
49
73
80
71
26
58
42
56
9
4
62
15
23
13
45
39
34
98
32
86
25
29
11
63
55
89
38
20
68
62
67
81
20
32
20
3
84
82
91
83
9
55
38
55
84
7
37
13
24
89
31
25
67
42
26
89
20
45
4
38
81
23
48
90
61
86
47
47
55
75
34
10
23
82
54
9
7
97
39
87
33
22
7
77
98
42
94
29
47
71
82
90
36
23
43
11
94
75
29
63
25
54
69
80
74
81
60
27
95
5
26
25
31
78
54
32
61
94
91
24
73
44
59
64
95
29
13
30
24
52
5
97
84
61
18
49
37
8
88
87
72
65
26
70
50
46
96
1
90
42
79
12
97
10
60
86
3
36
43
