59
78
8
9
10
20
31
60
65
25
49
55
27
14
55
6
32
91
57
78
11
64
55
18
23
56
69
91
16
71
42
24
49
37
44
20
38
59
32
94
2
99
9
43
83
31
80
28
6
77
12
23
68
60
74
71
75
23
83
71
53
39
29
68
14
28
68
55
73
20
48
41
7
49
40
1
22
52
14
84
40
96
70
7
18
27
83
95
73
87
54
77
55
65
5
84
43
97
25
98
97
26
8
76
38
91
40
90
11
39
65
59
47
71
82
9
18
13
35
26
79
71
14
60
24
87
94
64
89
33
100
85
40
56
95
34
89
29
76
52
78
58
76
33
75
54
65
28
10
78
54
20
37
33
79
6
96
25
33
49
35
42
32
79
12
53
20
51
28
72
13
78
43
44
31
44
95
87
1
98
5
32
43
70
82
88
7
76
88
99
24
12
61
98
22
59
69
59
93
16
81
69
65
100
10
10
9
12
6
82
14
26
11
38
31
61
84
35
53
74
23
25
14
4
8
99
40
64
31
38
80
12
20
29
84
97
27
77
43
100
86
17
68
59
91
13
49
56
24
19
60
69
65
17
88
40
29
98
40
37
38
59
79
75
97
80
62
29
9
42
79
39
34
6
73
23
41
55
35
27
86
7
31
8
16
86
61
46
98
3
18
52
58
73
2
29
57
20
43
37
90
71
74
36
66
98
46
32
93
89
64
61
6
37
99
88
57
95
18
55
47
56
17
34
27
23
43
55
34
59
45
13
79
55
56
38
64
78
40
57
15
64
65
7
4
33
69
63
52
2
18
26
35
57
25
16
56
12
26
78
90
24
32
15
60
18
40
65
49
36
37
79
56
10
26
34
69
6
55
51
66
70
72
37
48
26
64
23
82
50
68
57
36
48
25
99
13
90
22
90
97
5
65
42
32
57
64
70
43
31
12
57
43
71
100
66
44
83
22
79
4
98
51
15
18
69
41
77
51
30
3
57
60
3
98
88
64
70
82
41
47
6
86
90
88
97
84
12
81
15
7
37
79
3
30
61
77
97
60
3
42
29
4
96
44
4
6
1
48
38
42
5
50
14
11
80
19
52
35
48
87
13
97
23
20
22
96
60
87
23
98
15
90
100
68
87
32
19
71
22
99
69
64
70
6
96
48
88
6
69
30
85
63
100
87
50
79
7
45
2
99
14
84
60
39
97
92
10
13
9
77
3
26
16
60
78
50
77
53
24
30
54
76
19
23
8
77
48
14
47
11
90
32
81
67
98
10
18
14
11
55
37
55
40
96
19
73
6
20
36
79
10
34
74
64
47
5
64
20
5
55
39
79
1
3
88
81
47
8
40
67
51
28
27
11
59
46
10
42
53
52
5
77
97
37
88
52
3
31
9
81
69
17
63
83
20
63
63
75
15
78
19
21
7
51
47
75
92
71
73
56
4
100
2
100
88
78
68
56
100
29
15
52
55
14
93
41
45
46
63
46
28
71
44
96
87
18
32
24
92
52
58
40
4
21
27
100
40
66
74
63
6
47
75
9
22
48
64
8
29
33
60
8
29
71
91
79
31
46
6
93
100
29
74
54
42
32
13
93
32
25
68
54
89
76
22
23
52
64
82
70
55
91
94
96
21
11
20
62
78
38
29
39
85
22
90
72
16
54
40
51
80
71
38
42
80
26
91
6
35
51
74
49
52
26
76
20
78
79
10
88
69
51
21
98
8
59
29
81
88
42
71
89
22
97
58
95
30
87
9
61
77
7
3
85
66
14
74
92
87
94
67
60
50
59
55
59
26
70
86
25
40
51
37
36
88
3
16
63
21
76
21
55
70
63
100
24
86
11
13
27
74
3
13
56
92
57
23
7
61
53
60
92
44
55
57
15
86
39
69
3
27
50
86
46
25
25
29
10
96
37
100
88
16
76
82
77
4
9
59
91
82
50
7
47
2
28
10
79
77
33
34
5
78
70
54
55
67
54
72
44
21
74
15
82
30
72
27
70
67
17
20
68
13
38
15
22
93
22
70
99
56
67
36
64
97
21
29
58
63
29
89
1
49
63
9
82
66
26
13
99
39
93
3
19
92
54
62
82
80
64
64
64
66
29
8
73
70
2
88
60
81
65
4
39
42
35
55
1
92
99
60
96
49
75
90
63
7
76
64
34
78
34
73
40
82
90
43
26
86
24
82
42
15
82
54
59
71
28
16
16
29
83
58
52
97
47
50
100
92
65
45
3
93
43
15
6
46
41
35
87
8
100
38
44
92
84
14
1
45
6
21
11
30
99
75
27
43
40
85
73
39
71
89
91
10
40
80
87
35
28
62
85
51
17
20
72
62
64
6
87
100
83
89
26
96
1
81
96
10
14
53
1
21
19
92
69
56
97
18
17
53
22
88
38
26
79
87
71
1
85
20
79
61
14
89
36
91
42
23
98
23
17
42
10
1
59
63
97
41
34
62
28
31
61
88
66
8
66
91
21
52
18
75
92
37
79
88
22
56
16
63
63
39
1
61
16
30
54
28
48
3
77
75
51
24
46
24
77
96
22
86
89
33
12
76
24
70
70
23
69
39
73
58
89
34
13
41
91
18
72
25
60
95
27
6
90
30
34
37
9
96
36
66
47
27
3
10
61
50
58
74
38
61
47
10
31
17
47
24
75
85
94
12
40
92
9
4
97
99
62
45
14
2
17
87
12
71
49
19
49
57
56
52
8
3
71
92
70
80
74
19
13
45
87
26
91
17
7
67
79
28
26
54
83
12
18
41
26
16
60
81
23
64
68
72
13
43
24
86
97
89
1
25
45
31
58
65
2
53
43
56
98
25
84
47
15
40
87
67
30
80
96
27
89
75
18
21
83
68
68
97
18
14
96
82
59
53
49
74
71
10
77
21
40
71
62
50
93
37
91
8
53
36
57
70
71
51
54
64
58
10
78
64
9
19
70
75
35
76
81
70
97
46
48
53
78
85
35
22
89
84
65
51
88
63
60
50
18
71
6
1
54
34
22
16
26
14
19
83
58
98
63
95
79
8
99
81
8
60
93
69
35
10
92
79
44
18
62
60
10
42
74
48
24
87
58
56
36
73
81
75
65
6
28
28
22
30
80
8
84
91
97
33
92
99
47
95
14
50
8
54
2
73
100
75
5
99
29
89
64
99
65
72
8
62
88
59
6
66
47
15
54
1
100
50
87
37
31
23
51
76
26
99
3
35
26
84
99
78
72
98
96
29
78
8
56
83
81
67
94
97
6
81
38
90
93
52
18
7
67
84
3
88
38
78
63
35
20
33
100
21
76
54
100
38
6
36
67
36
62
16
25
87
61
1
84
59
95
49
79
11
37
85
12
96
16
84
87
37
32
4
21
41
5
70
16
54
69
20
4
82
28
30
65
40
2
43
41
2
