9
10
61
16
82
11
29
12
15
3
81
12
12
53
67
87
58
40
67
5
94
40
50
14
81
87
17
82
97
65
69
70
83
32
86
26
96
1
1
5
33
79
17
41
97
47
72
89
89
15
67
55
18
98
29
21
63
31
70
90
29
23
94
60
79
59
12
38
26
17
11
17
70
45
37
58
16
39
48
69
79
41
81
86
48
60
48
54
91
54
96
48
10
30
93
78
81
28
74
76
55
83
10
85
72
51
45
52
83
1
22
75
100
73
14
4
29
97
10
38
19
84
88
39
20
42
65
34
50
16
40
41
99
100
49
51
57
81
81
42
78
52
76
23
18
49
27
54
98
98
86
62
92
91
28
12
54
55
9
18
20
69
28
29
98
87
99
44
16
46
69
23
32
20
99
85
19
47
81
80
78
23
26
96
74
27
15
60
89
84
96
77
1
76
95
14
58
18
50
93
72
74
16
40
23
69
35
34
69
16
66
51
5
9
72
42
79
25
89
54
83
29
22
16
8
83
49
32
9
68
19
76
51
10
34
96
28
45
95
54
21
1
62
99
9
77
61
97
88
96
11
79
10
44
6
89
55
29
73
23
84
87
14
9
76
59
52
77
71
47
41
65
5
75
84
85
70
22
24
88
46
43
19
6
58
59
88
9
78
73
18
68
4
28
54
70
84
60
82
3
72
33
21
61
24
11
64
93
71
74
90
36
4
67
74
21
78
100
56
57
95
54
53
52
8
52
96
46
37
21
47
97
45
12
52
49
56
29
24
12
92
49
60
13
56
51
7
12
39
49
23
89
13
8
34
41
40
4
72
31
68
70
67
85
45
64
13
34
62
29
66
64
57
67
83
60
31
98
62
71
1
5
24
29
30
41
60
26
7
57
70
36
60
90
70
91
23
36
38
33
7
34
61
60
23
49
70
31
26
36
37
81
61
6
64
29
38
51
65
27
86
99
7
79
86
77
99
30
64
4
67
17
84
21
96
93
7
85
60
70
53
83
96
74
63
93
40
5
52
100
79
34
66
4
98
38
53
83
34
92
52
88
91
71
99
16
53
14
28
39
83
88
33
93
57
86
40
36
8
47
85
26
28
13
89
61
98
20
31
36
33
87
36
15
4
97
56
18
38
93
